-55
-55
-55
-55
-55
-55
-55
-55
-55
-55
-55
-55
-55
-55
-62
-62
-62
-62
-62
-62
-62
-62
-62
-62
-62
-62
-62
-62
-62
-62
-62
-62
-62
-62
-62
-62
-62
-62
-62
-62
-62
-62
-62
-62
-64
-64
-64
-64
-64
-64
-64
-64
-64
-64
-64
-64
-64
-64
-64
-64
-64
-64
-64
-64
-64
-64
-64
-64
-64
-64
-64
-64
-59
-59
-59
-59
-59
-59
-59
-59
-59
-59
-59
-59
-59
-59
-59
-59
-59
-59
-59
-59
-59
-59
-59
-59
-59
-59
-59
-59
-59
-59
-58
-58
-58
-58
-58
-58
-58
-58
-58
-58
-58
-58
-58
-58
-58
-58
-58
-58
-58
-58
-58
-58
-58
-58
-58
-58
-58
-58
-58
-53
-53
-53
-53
-53
-53
-53
-53
-53
-53
-53
-53
-53
-53
-53
-53
-53
-53
-53
-53
-53
-53
-53
-53
-53
-53
-53
-53
-53
-54
-54
-54
-54
-54
-54
-54
-54
-54
-54
-54
-54
-54
-54
-54
-54
-54
-54
-54
-54
-54
-54
-54
-54
-54
-54
-54
-54
-54
-54
-64
-64
-64
-64
-64
-64
-64
-64
-64
-64
-64
-64
-64
-64
-64
-64
-64
-64
-64
-64
-64
-64
-64
-64
-64
-64
-64
-64
-64
-67
-67
-67
-67
-67
-67
-67
-67
-67
-67
-67
-67
-67
-67
-67
-67
-67
-67
-67
-67
-67
-67
-67
-67
-67
-67
-67
-67
-67
-78
-78
-78
-78
-78
-78
-78
-78
-78
-78
-78
-78
-78
-78
-78
-78
-78
-78
-78
-78
-78
-78
-78
-78
-78
-78
-78
-78
-78
-80
-80
-80
-80
-80
-80
-80
-80
-80
-80
-80
-80
-80
-80
-80
-80
-80
-80
-80
-80
-80
-80
-80
-80
-80
-80
-80
-80
-80
-80
-82
-82
-82
-82
-82
-82
-82
-82
-82
-82
# WE ARE DISCONNECTING, HOMIE